,OrderID,PricePerItem,Quantity,ShippingDistance,CustomerID,Total Price
0,1,10,5,3.0,6671,50
1,2,10,10,84.0,8647,100
2,3,10,1,,4075,10
3,4,10,10,92.0,8452,100
4,5,10,3,2.0,2621,30
5,6,10,5,,9160,50
6,7,10,2,63.0,3799,20
7,8,10,8,65.0,809,80
8,9,10,10,56.0,2271,100
9,10,10,4,71.0,4680,40
10,11,10,3,10.0,5022,30
11,12,10,5,94.0,8111,50
12,13,10,10,83.0,6040,100
13,14,10,4,76.0,2083,40
14,15,10,4,25.0,2849,40
15,16,10,3,16.0,535,30
16,17,10,10,56.0,9479,100
17,18,10,4,97.0,7367,40
18,19,10,1,91.0,4120,10
19,20,10,5,45.0,67,50
20,21,10,1,81.0,8231,10
21,22,10,8,16.0,4625,80
22,23,10,9,,1448,90
23,24,10,1,71.0,9824,10
24,25,10,9,91.0,5172,90
25,26,10,10,93.0,9750,100
26,27,10,5,77.0,1819,50
27,28,10,10,59.0,939,100
28,29,10,5,78.0,747,50
29,30,10,2,79.0,2663,20
30,31,10,10,18.0,7978,100
31,32,10,8,82.0,4904,80
32,33,10,1,10.0,434,10
33,34,10,7,99.0,9170,70
34,35,10,8,5.0,2017,80
35,36,10,10,41.0,1476,100
36,37,10,8,35.0,8078,80
37,38,10,6,10.0,707,60
38,39,10,7,48.0,4719,70
39,40,10,1,65.0,6149,10
40,41,10,9,1.0,1585,90
41,42,10,10,65.0,7784,100
42,43,10,3,84.0,8659,30
43,44,10,6,36.0,7125,60
44,45,10,1,35.0,6360,10
45,46,10,3,48.0,1083,30
46,47,10,10,44.0,1116,100
47,48,10,2,51.0,2315,20
48,49,10,3,67.0,7161,30
49,50,10,1,63.0,1748,10
50,51,10,8,68.0,3870,80
51,52,10,1,5.0,9483,10
52,53,10,1,91.0,4412,10
53,54,10,5,89.0,1702,50
54,55,10,5,72.0,6129,50
55,56,10,2,90.0,4783,20
56,57,10,7,64.0,3310,70
57,58,10,10,14.0,9254,100
58,59,10,6,74.0,4934,60
59,60,10,6,49.0,2754,60
60,61,10,9,89.0,5746,90
61,62,10,1,16.0,696,10
62,63,10,4,58.0,9315,40
63,64,10,1,31.0,4543,10
64,65,10,5,84.0,7829,50
65,66,10,7,,940,70
66,67,10,6,14.0,7797,60
67,68,10,1,84.0,3877,10
68,69,10,5,28.0,8413,50
69,70,10,9,98.0,4772,90
70,71,10,1,76.0,8801,10
71,72,10,10,9.0,6651,100
72,73,10,9,63.0,7606,90
73,74,10,6,68.0,6467,60
74,75,10,10,83.0,2374,100
75,76,10,7,13.0,3444,70
76,77,10,7,43.0,5474,70
77,78,10,4,72.0,814,40
78,79,10,8,48.0,2020,80
79,80,10,3,89.0,75,30
80,81,10,4,72.0,2342,40
81,82,10,8,14.0,3705,80
82,83,10,8,43.0,7821,80
83,84,10,3,93.0,7715,30
84,85,10,6,52.0,8815,60
85,86,10,9,6.0,4320,90
86,87,10,9,86.0,3983,90
87,88,10,1,84.0,6134,10
88,89,10,7,77.0,6124,70
89,90,10,6,28.0,1089,60
90,91,10,6,42.0,9264,60
91,92,10,3,60.0,5963,30
92,93,10,6,8.0,8106,60
93,94,10,7,13.0,7025,70
94,95,10,1,84.0,4388,10
95,96,10,1,53.0,1612,10
96,97,10,8,49.0,9244,80
97,98,10,2,35.0,2021,20
98,99,10,10,54.0,6180,100
99,100,10,3,80.0,9522,30
100,101,10,8,72.0,6193,80
101,102,10,4,32.0,5885,40
102,103,10,6,4.0,3068,60
103,104,10,7,45.0,5538,70
104,105,10,3,65.0,628,30
105,106,10,9,7.0,6752,90
106,107,10,9,73.0,416,90
107,108,10,8,,6515,80
108,109,10,5,58.0,9201,50
109,110,10,1,69.0,1809,10
110,111,10,5,73.0,9898,50
111,112,10,7,80.0,10,70
112,113,10,8,8.0,8918,80
113,114,10,5,3.0,4641,50
114,115,10,2,48.0,5119,20
115,116,10,2,8.0,3175,20
116,117,10,9,64.0,3281,90
117,118,10,3,15.0,6996,30
118,119,10,1,97.0,7001,10
119,120,10,4,47.0,4956,40
120,121,10,6,93.0,3033,60
121,122,10,10,10.0,1402,100
122,123,10,2,5.0,1776,20
123,124,10,2,9.0,9144,20
124,125,10,6,35.0,4355,60
125,126,10,3,81.0,918,30
126,127,10,2,99.0,5562,20
127,128,10,5,10.0,862,50
128,129,10,5,59.0,7500,50
129,130,10,8,65.0,5394,80
130,131,10,5,87.0,2577,50
131,132,10,10,74.0,3459,100
132,133,10,9,79.0,2568,90
133,134,10,8,41.0,8623,80
134,135,10,3,34.0,1929,30
135,136,10,9,32.0,4812,90
136,137,10,4,2.0,5439,40
137,138,10,3,87.0,7473,30
138,139,10,1,66.0,6100,10
139,140,10,7,50.0,4156,70
140,141,10,3,56.0,9504,30
141,142,10,7,55.0,9255,70
142,143,10,7,61.0,8796,70
143,144,10,7,22.0,9377,70
144,145,10,8,76.0,9844,80
145,146,10,10,86.0,1434,100
146,147,10,1,94.0,7555,10
147,148,10,5,26.0,6220,50
148,149,10,1,16.0,3351,10
149,150,10,2,63.0,5949,20
150,151,10,4,63.0,1834,40
151,152,10,10,68.0,884,100
152,153,10,9,75.0,6894,90
153,154,10,9,65.0,3567,90
154,155,10,9,97.0,1520,90
155,156,10,7,28.0,9948,70
156,157,10,3,63.0,1244,30
157,158,10,3,80.0,7888,30
158,159,10,3,53.0,9147,30
159,160,10,6,65.0,3701,60
160,161,10,5,33.0,5558,50
161,162,10,5,83.0,7537,50
162,163,10,5,39.0,6448,50
163,164,10,7,64.0,2053,70
164,165,10,9,,4552,90
165,166,10,5,56.0,2199,50
166,167,10,10,7.0,571,100
167,168,10,10,31.0,7842,100
168,169,10,9,70.0,3024,90
169,170,10,7,37.0,2972,70
170,171,10,10,96.0,314,100
171,172,10,9,43.0,9866,90
172,173,10,10,1.0,6178,100
173,174,10,6,30.0,9519,60
174,175,10,3,3.0,8797,30
175,176,10,8,18.0,2444,80
176,177,10,10,97.0,680,100
177,178,10,6,58.0,3386,60
178,179,10,4,62.0,7970,40
179,180,10,7,100.0,8601,70
180,181,10,2,65.0,4507,20
181,182,10,7,53.0,4616,70
182,183,10,3,25.0,33,30
183,184,10,9,66.0,8578,90
184,185,10,5,94.0,2079,50
185,186,10,7,78.0,7139,70
186,187,10,9,80.0,6671,90
187,188,10,9,21.0,2190,90
188,189,10,4,5.0,2022,40
189,190,10,5,31.0,1834,50
190,191,10,9,64.0,6738,90
191,192,10,3,45.0,3881,30
192,193,10,2,78.0,955,20
193,194,10,9,3.0,1067,90
194,195,10,4,41.0,2835,40
195,196,10,2,89.0,5591,20
196,197,10,3,100.0,4768,30
197,198,10,10,85.0,7922,100
198,199,10,1,99.0,5114,10
199,200,10,10,20.0,7802,100
200,201,10,3,6.0,5106,30
201,202,10,1,61.0,6635,10
202,203,10,1,11.0,3403,10
203,204,10,6,60.0,5786,60
204,205,10,3,4.0,8520,30
205,206,10,2,89.0,4604,20
206,207,10,10,52.0,8587,100
207,208,10,8,89.0,3809,80
208,209,10,1,27.0,5557,10
209,210,10,8,38.0,7804,80
210,211,10,3,35.0,7361,30
211,212,10,3,3.0,1744,30
212,213,10,7,44.0,1724,70
213,214,10,7,89.0,6750,70
214,215,10,7,58.0,6814,70
215,216,10,1,82.0,5871,10
216,217,10,10,25.0,1451,100
217,218,10,7,24.0,9197,70
218,219,10,5,5.0,7776,50
219,220,10,1,88.0,8872,10
220,221,10,2,80.0,6172,20
221,222,10,2,65.0,154,20
222,223,10,5,5.0,6378,50
223,224,10,3,78.0,9009,30
224,225,10,2,57.0,9460,20
225,226,10,9,1.0,6435,90
226,227,10,1,65.0,7265,10
227,228,10,9,47.0,3204,90
228,229,10,4,86.0,1133,40
229,230,10,6,28.0,6398,60
230,231,10,2,64.0,1074,20
231,232,10,4,67.0,3815,40
232,233,10,3,48.0,5192,30
233,234,10,2,19.0,2017,20
234,235,10,2,42.0,8352,20
235,236,10,1,61.0,4479,10
236,237,10,1,97.0,8791,10
237,238,10,10,48.0,7528,100
238,239,10,7,49.0,6651,70
239,240,10,6,74.0,1586,60
240,241,10,8,80.0,4286,80
241,242,10,1,23.0,1986,10
242,243,10,5,7.0,9620,50
243,244,10,8,40.0,2063,80
244,245,10,1,26.0,8624,10
245,246,10,2,48.0,5561,20
246,247,10,6,17.0,4809,60
247,248,10,6,11.0,2961,60
248,249,10,5,82.0,5027,50
249,250,10,2,91.0,3011,20
250,251,10,2,46.0,8811,20
251,252,10,6,83.0,6765,60
252,253,10,2,20.0,4949,20
253,254,10,1,16.0,2269,10
254,255,10,7,45.0,1612,70
255,256,10,10,82.0,1508,100
256,257,10,4,73.0,2350,40
257,258,10,3,93.0,6888,30
258,259,10,3,1.0,1926,30
259,260,10,6,74.0,9682,60
260,261,10,3,78.0,8131,30
261,262,10,6,19.0,5064,60
262,263,10,10,70.0,331,100
263,264,10,2,8.0,257,20
264,265,10,1,28.0,9577,10
265,266,10,7,35.0,7025,70
266,267,10,8,18.0,2524,80
267,268,10,7,64.0,2966,70
268,269,10,1,33.0,9836,10
269,270,10,9,17.0,2834,90
270,271,10,10,45.0,3362,100
271,272,10,2,15.0,9922,20
272,273,10,1,52.0,5161,10
273,274,10,3,25.0,3231,30
274,275,10,9,18.0,2212,90
275,276,10,3,74.0,720,30
276,277,10,6,30.0,9277,60
277,278,10,4,75.0,8328,40
278,279,10,7,11.0,1043,70
279,280,10,4,11.0,1679,40
280,281,10,8,4.0,5832,80
281,282,10,9,3.0,1029,90
282,283,10,3,1.0,2778,30
283,284,10,3,27.0,7014,30
284,285,10,5,90.0,3063,50
285,286,10,8,80.0,1451,80
286,287,10,3,15.0,469,30
287,288,10,6,32.0,2515,60
288,289,10,1,61.0,2354,10
289,290,10,5,37.0,9816,50
290,291,10,4,92.0,8196,40
291,292,10,3,89.0,5973,30
292,293,10,1,99.0,1259,10
293,294,10,9,98.0,1745,90
294,295,10,3,73.0,5635,30
295,296,10,2,32.0,1793,20
296,297,10,8,81.0,1085,80
297,298,10,4,58.0,5524,40
298,299,10,2,30.0,4486,20
299,300,10,7,51.0,198,70
300,301,10,2,43.0,2425,20
301,302,10,5,98.0,1848,50
302,303,10,8,11.0,1838,80
303,304,10,9,69.0,5704,90
304,305,10,8,33.0,845,80
305,306,10,4,56.0,586,40
306,307,10,6,58.0,5219,60
307,308,10,9,89.0,4232,90
308,309,10,8,57.0,8087,80
309,310,10,2,24.0,1776,20
310,311,10,5,6.0,1797,50
311,312,10,2,61.0,746,20
312,313,10,2,100.0,7592,20
313,314,10,5,77.0,6346,50
314,315,10,2,11.0,4050,20
315,316,10,5,12.0,7692,50
316,317,10,9,63.0,7706,90
317,318,10,5,16.0,3343,50
318,319,10,1,27.0,7277,10
319,320,10,1,23.0,5488,10
320,321,10,8,21.0,7471,80
321,322,10,6,86.0,1892,60
322,323,10,10,44.0,4468,100
323,324,10,8,57.0,4119,80
324,325,10,10,17.0,2129,100
325,326,10,2,78.0,5227,20
326,327,10,3,42.0,1562,30
327,328,10,4,6.0,6953,40
328,329,10,10,81.0,5251,100
329,330,10,4,42.0,1406,40
330,331,10,2,2.0,7916,20
331,332,10,8,34.0,4456,80
332,333,10,5,2.0,6631,50
333,334,10,1,25.0,7689,10
334,335,10,6,3.0,9133,60
335,336,10,8,74.0,3211,80
336,337,10,1,59.0,1549,10
337,338,10,7,64.0,9183,70
338,339,10,7,68.0,5441,70
339,340,10,2,93.0,5704,20
340,341,10,1,16.0,6840,10
341,342,10,1,49.0,8372,10
342,343,10,10,71.0,2821,100
343,344,10,5,33.0,1287,50
344,345,10,4,27.0,2568,40
345,346,10,7,3.0,3987,70
346,347,10,10,80.0,497,100
347,348,10,8,18.0,2644,80
348,349,10,3,49.0,4666,30
349,350,10,8,28.0,1658,80
350,351,10,1,40.0,4510,10
351,352,10,1,25.0,9956,10
352,353,10,8,3.0,9667,80
353,354,10,6,34.0,9761,60
354,355,10,7,96.0,5012,70
355,356,10,2,87.0,5895,20
356,357,10,10,22.0,3431,100
357,358,10,4,43.0,1498,40
358,359,10,2,64.0,9383,20
359,360,10,5,62.0,1522,50
360,361,10,4,94.0,1467,40
361,362,10,3,58.0,4110,30
362,363,10,3,23.0,4268,30
363,364,10,9,48.0,1039,90
364,365,10,5,21.0,884,50
365,366,10,4,89.0,2807,40
366,367,10,9,70.0,5727,90
367,368,10,6,71.0,4633,60
368,369,10,10,59.0,505,100
369,370,10,4,97.0,7531,40
370,371,10,9,16.0,6076,90
371,372,10,8,80.0,1190,80
372,373,10,1,33.0,7599,10
373,374,10,5,17.0,6551,50
374,375,10,5,54.0,5306,50
375,376,10,2,70.0,641,20
376,377,10,1,87.0,4083,10
377,378,10,7,9.0,4491,70
378,379,10,8,11.0,5331,80
379,380,10,3,54.0,9074,30
380,381,10,1,46.0,2681,10
381,382,10,6,35.0,6390,60
382,383,10,1,9.0,9810,10
383,384,10,1,33.0,6617,10
384,385,10,9,60.0,1763,90
385,386,10,2,99.0,176,20
386,387,10,7,21.0,3949,70
387,388,10,10,71.0,1168,100
388,389,10,3,31.0,1950,30
389,390,10,5,61.0,9222,50
390,391,10,8,47.0,544,80
391,392,10,2,88.0,2987,20
392,393,10,8,46.0,4365,80
393,394,10,7,1.0,589,70
394,395,10,9,45.0,224,90
395,396,10,2,19.0,8936,20
396,397,10,8,19.0,3456,80
397,398,10,10,65.0,8871,100
398,399,10,2,80.0,4028,20
399,400,10,1,68.0,203,10
400,401,10,10,64.0,3802,100
401,402,10,7,56.0,8175,70
402,403,10,5,69.0,2026,50
403,404,10,2,78.0,2258,20
404,405,10,3,71.0,8844,30
405,406,10,6,11.0,816,60
406,407,10,2,27.0,8159,20
407,408,10,9,82.0,7838,90
408,409,10,9,23.0,4645,90
409,410,10,4,81.0,3808,40
410,411,10,5,67.0,5744,50
411,412,10,2,57.0,5358,20
412,413,10,9,90.0,3212,90
413,414,10,9,23.0,1839,90
414,415,10,7,76.0,6836,70
415,416,10,1,26.0,2215,10
416,417,10,9,57.0,338,90
417,418,10,6,48.0,9599,60
418,419,10,5,10.0,5996,50
419,420,10,1,89.0,1648,10
420,421,10,8,47.0,6781,80
421,422,10,8,33.0,9697,80
422,423,10,5,96.0,5398,50
423,424,10,9,39.0,3014,90
424,425,10,6,58.0,7679,60
425,426,10,4,43.0,9838,40
426,427,10,7,57.0,9917,70
427,428,10,10,80.0,7296,100
428,429,10,10,53.0,985,100
429,430,10,10,32.0,3734,100
430,431,10,7,17.0,72,70
431,432,10,6,64.0,9827,60
432,433,10,3,26.0,3454,30
433,434,10,10,6.0,2687,100
434,435,10,6,93.0,3152,60
435,436,10,9,83.0,9750,90
436,437,10,3,4.0,2829,30
437,438,10,8,75.0,8425,80
438,439,10,5,41.0,7807,50
439,440,10,9,61.0,9978,90
440,441,10,2,31.0,6370,20
441,442,10,10,26.0,9242,100
442,443,10,3,22.0,4458,30
443,444,10,2,2.0,3969,20
444,445,10,5,74.0,4625,50
445,446,10,5,38.0,3212,50
446,447,10,10,95.0,9615,100
447,448,10,2,13.0,1357,20
448,449,10,6,38.0,3914,60
449,450,10,10,27.0,7535,100
450,451,10,7,38.0,5508,70
451,452,10,7,94.0,5326,70
452,453,10,4,1.0,8623,40
453,454,10,6,33.0,3732,60
454,455,10,3,90.0,20,30
455,456,10,5,25.0,8657,50
456,457,10,7,22.0,6531,70
457,458,10,4,36.0,4868,40
458,459,10,1,26.0,8823,10
459,460,10,5,51.0,7751,50
460,461,10,8,26.0,2191,80
461,462,10,6,76.0,5225,60
462,463,10,2,12.0,1947,20
463,464,10,3,16.0,8292,30
464,465,10,4,11.0,3886,40
465,466,10,4,97.0,5855,40
466,467,10,4,95.0,9519,40
467,468,10,8,98.0,5415,80
468,469,10,5,83.0,8229,50
469,470,10,2,71.0,9905,20
470,471,10,7,59.0,8401,70
471,472,10,4,35.0,4682,40
472,473,10,5,21.0,8020,50
473,474,10,5,87.0,4255,50
474,475,10,4,34.0,1144,40
475,476,10,3,55.0,3536,30
476,477,10,9,29.0,4591,90
477,478,10,8,70.0,1414,80
478,479,10,3,7.0,9442,30
479,480,10,4,21.0,6584,40
480,481,10,8,88.0,2731,80
481,482,10,4,35.0,193,40
482,483,10,3,77.0,4272,30
483,484,10,8,25.0,2894,80
484,485,10,10,41.0,5731,100
485,486,10,5,17.0,8398,50
486,487,10,5,44.0,4536,50
487,488,10,6,5.0,732,60
488,489,10,6,21.0,6700,60
489,490,10,8,21.0,2686,80
490,491,10,10,2.0,1546,100
491,492,10,4,66.0,7679,40
492,493,10,8,16.0,7549,80
493,494,10,1,19.0,6610,10
494,495,10,2,41.0,5947,20
495,496,10,10,31.0,863,100
496,497,10,7,59.0,2009,70
497,498,10,8,23.0,4937,80
498,499,10,4,30.0,4658,40
499,500,10,9,92.0,5549,90
500,501,10,2,27.0,7059,20
501,502,10,2,48.0,2736,20
502,503,10,7,77.0,5960,70
503,504,10,9,75.0,5350,90
504,505,10,2,40.0,1192,20
505,506,10,4,26.0,286,40
506,507,10,4,27.0,4409,40
507,508,10,4,74.0,1872,40
508,509,10,7,28.0,8714,70
509,510,10,3,98.0,7132,30
510,511,10,5,30.0,2144,50
511,512,10,5,82.0,961,50
512,513,10,10,92.0,6466,100
513,514,10,5,63.0,4563,50
514,515,10,4,8.0,4040,40
515,516,10,8,97.0,2348,80
516,517,10,3,49.0,4790,30
517,518,10,3,12.0,4719,30
518,519,10,4,14.0,5194,40
519,520,10,6,90.0,5969,60
520,521,10,6,34.0,928,60
521,522,10,8,19.0,2983,80
522,523,10,1,60.0,2813,10
523,524,10,10,87.0,546,100
524,525,10,6,88.0,4511,60
525,526,10,6,72.0,1289,60
526,527,10,1,34.0,2166,10
527,528,10,3,18.0,6366,30
528,529,10,4,30.0,1212,40
529,530,10,5,50.0,2329,50
530,531,10,3,86.0,3577,30
531,532,10,10,2.0,4266,100
532,533,10,6,69.0,5652,60
533,534,10,10,39.0,7922,100
534,535,10,9,47.0,864,90
535,536,10,1,23.0,2000,10
536,537,10,8,54.0,3891,80
537,538,10,9,42.0,564,90
538,539,10,5,46.0,2030,50
539,540,10,6,39.0,7278,60
540,541,10,1,54.0,6443,10
541,542,10,1,44.0,1260,10
542,543,10,6,23.0,4126,60
543,544,10,10,87.0,3262,100
544,545,10,8,53.0,7717,80
545,546,10,7,7.0,372,70
546,547,10,4,13.0,3832,40
547,548,10,9,29.0,9173,90
548,549,10,1,16.0,3022,10
549,550,10,10,40.0,1844,100
550,551,10,1,64.0,2273,10
551,552,10,5,57.0,1454,50
552,553,10,6,6.0,4991,60
553,554,10,9,1.0,4077,90
554,555,10,6,3.0,5884,60
555,556,10,4,69.0,4718,40
556,557,10,4,79.0,7054,40
557,558,10,5,38.0,1256,50
558,559,10,10,51.0,4553,100
559,560,10,3,38.0,1281,30
560,561,10,6,92.0,5900,60
561,562,10,4,12.0,1552,40
562,563,10,1,5.0,9770,10
563,564,10,8,86.0,5669,80
564,565,10,3,46.0,5533,30
565,566,10,6,8.0,1553,60
566,567,10,4,3.0,870,40
567,568,10,7,28.0,7402,70
568,569,10,10,47.0,7560,100
569,570,10,7,39.0,2234,70
570,571,10,1,84.0,7639,10
571,572,10,10,9.0,4703,100
572,573,10,7,98.0,7429,70
573,574,10,1,74.0,5245,10
574,575,10,9,10.0,8011,90
575,576,10,6,49.0,567,60
576,577,10,9,56.0,8679,90
577,578,10,3,65.0,2840,30
578,579,10,6,9.0,7451,60
579,580,10,10,96.0,1761,100
580,581,10,10,5.0,8106,100
581,582,10,7,62.0,7275,70
582,583,10,6,95.0,823,60
583,584,10,3,80.0,2589,30
584,585,10,1,8.0,3822,10
585,586,10,7,88.0,8383,70
586,587,10,8,99.0,3040,80
587,588,10,7,47.0,2689,70
588,589,10,10,18.0,1649,100
589,590,10,2,63.0,8073,20
590,591,10,8,17.0,2769,80
591,592,10,8,68.0,3484,80
592,593,10,7,85.0,371,70
593,594,10,8,82.0,8335,80
594,595,10,10,99.0,8047,100
595,596,10,3,53.0,8198,30
596,597,10,9,60.0,1034,90
597,598,10,5,18.0,655,50
598,599,10,9,45.0,6031,90
599,600,10,8,85.0,7682,80
600,601,10,1,74.0,9647,10
601,602,10,9,82.0,4586,90
602,603,10,8,93.0,8630,80
603,604,10,10,85.0,8910,100
604,605,10,1,62.0,2610,10
605,606,10,10,77.0,4660,100
606,607,10,6,83.0,2987,60
607,608,10,3,26.0,8379,30
608,609,10,6,37.0,5103,60
609,610,10,5,3.0,3811,50
610,611,10,9,9.0,8045,90
611,612,10,10,21.0,7262,100
612,613,10,6,44.0,3163,60
613,614,10,7,33.0,3009,70
614,615,10,2,34.0,3796,20
615,616,10,3,54.0,8207,30
616,617,10,2,25.0,3288,20
617,618,10,10,81.0,4204,100
618,619,10,6,76.0,9362,60
619,620,10,5,4.0,3212,50
620,621,10,6,62.0,9829,60
621,622,10,7,5.0,8485,70
622,623,10,4,34.0,9311,40
623,624,10,2,60.0,7182,20
624,625,10,3,61.0,7590,30
625,626,10,8,90.0,8526,80
626,627,10,5,99.0,8580,50
627,628,10,10,44.0,4199,100
628,629,10,1,12.0,974,10
629,630,10,5,30.0,2190,50
630,631,10,4,70.0,6448,40
631,632,10,8,97.0,4282,80
632,633,10,7,67.0,4798,70
633,634,10,3,60.0,8507,30
634,635,10,8,55.0,3425,80
635,636,10,7,60.0,8845,70
636,637,10,4,9.0,9578,40
637,638,10,10,17.0,8889,100
638,639,10,7,90.0,7946,70
639,640,10,4,50.0,1154,40
640,641,10,2,47.0,8481,20
641,642,10,1,13.0,2628,10
642,643,10,9,47.0,5641,90
643,644,10,8,24.0,1633,80
644,645,10,2,9.0,4250,20
645,646,10,6,68.0,2329,60
646,647,10,9,25.0,713,90
647,648,10,10,44.0,5808,100
648,649,10,6,66.0,407,60
649,650,10,7,54.0,8713,70
650,651,10,7,60.0,7956,70
651,652,10,5,42.0,8738,50
652,653,10,1,52.0,9075,10
653,654,10,5,99.0,2891,50
654,655,10,5,48.0,3896,50
655,656,10,6,70.0,3462,60
656,657,10,5,29.0,3363,50
657,658,10,8,68.0,535,80
658,659,10,1,7.0,7912,10
659,660,10,10,4.0,2303,100
660,661,10,2,84.0,4099,20
661,662,10,7,31.0,8483,70
662,663,10,7,98.0,9844,70
663,664,10,8,41.0,6439,80
664,665,10,6,46.0,9261,60
665,666,10,7,41.0,6219,70
666,667,10,3,6.0,1542,30
667,668,10,5,81.0,9943,50
668,669,10,7,68.0,5085,70
669,670,10,4,83.0,8702,40
670,671,10,9,19.0,1425,90
671,672,10,4,13.0,8663,40
672,673,10,3,9.0,7505,30
673,674,10,1,49.0,7118,10
674,675,10,5,44.0,6399,50
675,676,10,4,7.0,426,40
676,677,10,7,70.0,4345,70
677,678,10,7,41.0,737,70
678,679,10,10,30.0,7598,100
679,680,10,5,76.0,1908,50
680,681,10,7,92.0,382,70
681,682,10,2,13.0,826,20
682,683,10,6,45.0,767,60
683,684,10,1,37.0,834,10
684,685,10,2,70.0,4595,20
685,686,10,9,6.0,5575,90
686,687,10,9,28.0,1642,90
687,688,10,1,54.0,6500,10
688,689,10,2,29.0,2893,20
689,690,10,2,21.0,9921,20
690,691,10,3,73.0,9129,30
691,692,10,3,6.0,7982,30
692,693,10,6,52.0,5474,60
693,694,10,4,29.0,3177,40
694,695,10,3,70.0,7176,30
695,696,10,7,45.0,2270,70
696,697,10,10,49.0,938,100
697,698,10,2,73.0,4981,20
698,699,10,10,37.0,9051,100
699,700,10,7,89.0,3203,70
700,701,10,10,28.0,7084,100
701,702,10,2,11.0,4839,20
702,703,10,8,66.0,8367,80
703,704,10,6,81.0,8756,60
704,705,10,10,2.0,6357,100
705,706,10,1,56.0,3932,10
706,707,10,8,36.0,6313,80
707,708,10,9,28.0,4840,90
708,709,10,1,77.0,2910,10
709,710,10,7,12.0,3082,70
710,711,10,4,76.0,6006,40
711,712,10,10,88.0,5944,100
712,713,10,7,5.0,3712,70
713,714,10,10,85.0,9926,100
714,715,10,1,65.0,5186,10
715,716,10,3,75.0,278,30
716,717,10,1,26.0,61,10
717,718,10,4,76.0,970,40
718,719,10,5,99.0,3131,50
719,720,10,1,67.0,7045,10
720,721,10,4,81.0,6132,40
721,722,10,3,39.0,5347,30
722,723,10,7,22.0,2209,70
723,724,10,4,57.0,4493,40
724,725,10,3,17.0,4215,30
725,726,10,6,91.0,8410,60
726,727,10,7,33.0,7464,70
727,728,10,6,53.0,2939,60
728,729,10,5,30.0,9799,50
729,730,10,6,1.0,5783,60
730,731,10,7,35.0,9632,70
731,732,10,10,70.0,9244,100
732,733,10,4,89.0,9026,40
733,734,10,3,55.0,1756,30
734,735,10,10,63.0,2611,100
735,736,10,8,7.0,4827,80
736,737,10,10,100.0,3780,100
737,738,10,10,76.0,7929,100
738,739,10,4,98.0,3117,40
739,740,10,9,56.0,5703,90
740,741,10,5,40.0,6899,50
741,742,10,3,21.0,334,30
742,743,10,8,14.0,8344,80
743,744,10,9,91.0,2660,90
744,745,10,2,24.0,4880,20
745,746,10,1,60.0,680,10
746,747,10,7,2.0,4283,70
747,748,10,10,24.0,7462,100
748,749,10,6,13.0,9501,60
749,750,10,9,73.0,1854,90
750,751,10,4,92.0,7704,40
751,752,10,1,44.0,5807,10
752,753,10,4,13.0,142,40
753,754,10,3,75.0,5915,30
754,755,10,8,71.0,4057,80
755,756,10,5,39.0,3808,50
756,757,10,1,5.0,1677,10
757,758,10,2,76.0,8720,20
758,759,10,1,2.0,9470,10
759,760,10,6,8.0,3455,60
760,761,10,1,33.0,2860,10
761,762,10,9,50.0,5894,90
762,763,10,5,87.0,3948,50
763,764,10,2,27.0,1189,20
764,765,10,9,79.0,7029,90
765,766,10,4,100.0,6617,40
766,767,10,4,71.0,150,40
767,768,10,6,77.0,3887,60
768,769,10,6,70.0,7064,60
769,770,10,9,61.0,4783,90
770,771,10,4,86.0,5110,40
771,772,10,10,24.0,2779,100
772,773,10,6,5.0,4954,60
773,774,10,5,73.0,1258,50
774,775,10,10,35.0,4384,100
775,776,10,9,72.0,6554,90
776,777,10,5,95.0,1877,50
777,778,10,4,44.0,4312,40
778,779,10,3,13.0,571,30
779,780,10,9,3.0,4921,90
780,781,10,8,80.0,8163,80
781,782,10,7,76.0,8149,70
782,783,10,8,25.0,3370,80
783,784,10,8,58.0,2195,80
784,785,10,2,14.0,1904,20
785,786,10,8,41.0,5884,80
786,787,10,10,27.0,1762,100
787,788,10,9,7.0,9541,90
788,789,10,4,39.0,2240,40
789,790,10,7,6.0,1970,70
790,791,10,9,95.0,2558,90
791,792,10,7,83.0,5265,70
792,793,10,7,19.0,8065,70
793,794,10,7,49.0,1259,70
794,795,10,9,12.0,9948,90
795,796,10,7,94.0,8202,70
796,797,10,8,36.0,6303,80
797,798,10,2,100.0,287,20
798,799,10,4,55.0,8542,40
799,800,10,1,26.0,4105,10
800,801,10,9,66.0,2200,90
801,802,10,7,84.0,1475,70
802,803,10,1,8.0,9310,10
803,804,10,4,49.0,5499,40
804,805,10,4,22.0,4620,40
805,806,10,2,17.0,6619,20
806,807,10,9,97.0,8425,90
807,808,10,3,1.0,9013,30
808,809,10,3,29.0,7560,30
809,810,10,10,36.0,2749,100
810,811,10,8,36.0,5609,80
811,812,10,10,16.0,5340,100
812,813,10,2,36.0,7114,20
813,814,10,3,35.0,5813,30
814,815,10,7,98.0,9372,70
815,816,10,2,5.0,7833,20
816,817,10,9,57.0,2642,90
817,818,10,2,40.0,4732,20
818,819,10,5,81.0,790,50
819,820,10,10,89.0,4262,100
820,821,10,6,100.0,9449,60
821,822,10,4,96.0,5926,40
822,823,10,6,5.0,6075,60
823,824,10,6,51.0,3578,60
824,825,10,2,44.0,7695,20
825,826,10,7,80.0,9495,70
826,827,10,10,22.0,9460,100
827,828,10,6,59.0,3117,60
828,829,10,8,2.0,7546,80
829,830,10,2,49.0,7210,20
830,831,10,4,41.0,1972,40
831,832,10,2,44.0,4468,20
832,833,10,1,38.0,4389,10
833,834,10,7,29.0,3468,70
834,835,10,2,26.0,4425,20
835,836,10,10,48.0,9635,100
836,837,10,9,29.0,9280,90
837,838,10,4,83.0,7592,40
838,839,10,10,61.0,2933,100
839,840,10,8,22.0,2292,80
840,841,10,7,98.0,9642,70
841,842,10,8,20.0,2908,80
842,843,10,1,53.0,1732,10
843,844,10,1,7.0,8128,10
844,845,10,2,27.0,6595,20
845,846,10,6,76.0,4410,60
846,847,10,1,98.0,8766,10
847,848,10,3,94.0,5966,30
848,849,10,7,65.0,8555,70
849,850,10,1,60.0,1800,10
850,851,10,7,50.0,8667,70
851,852,10,3,16.0,2685,30
852,853,10,9,36.0,2329,90
853,854,10,1,65.0,1229,10
854,855,10,6,89.0,6404,60
855,856,10,6,11.0,3972,60
856,857,10,5,79.0,2822,50
857,858,10,4,68.0,1207,40
858,859,10,8,68.0,6147,80
859,860,10,4,23.0,1350,40
860,861,10,8,36.0,8963,80
861,862,10,3,2.0,8828,30
862,863,10,5,27.0,1561,50
863,864,10,10,8.0,2340,100
864,865,10,7,77.0,7127,70
865,866,10,9,2.0,6555,90
866,867,10,7,58.0,8182,70
867,868,10,9,81.0,666,90
868,869,10,4,16.0,1948,40
869,870,10,8,74.0,1374,80
870,871,10,10,47.0,6792,100
871,872,10,8,17.0,1838,80
872,873,10,9,5.0,4004,90
873,874,10,8,85.0,6644,80
874,875,10,4,95.0,4499,40
875,876,10,1,87.0,2148,10
876,877,10,1,23.0,6159,10
877,878,10,6,8.0,3309,60
878,879,10,6,15.0,7735,60
879,880,10,8,69.0,6534,80
880,881,10,8,30.0,3670,80
881,882,10,8,84.0,4213,80
882,883,10,2,31.0,2373,20
883,884,10,3,50.0,1304,30
884,885,10,10,6.0,9512,100
885,886,10,3,41.0,4330,30
886,887,10,10,29.0,370,100
887,888,10,5,53.0,4771,50
888,889,10,2,61.0,4638,20
889,890,10,1,96.0,7685,10
890,891,10,9,92.0,6030,90
891,892,10,1,7.0,4820,10
892,893,10,6,44.0,9438,60
893,894,10,1,57.0,6181,10
894,895,10,5,80.0,3998,50
895,896,10,7,32.0,5278,70
896,897,10,9,62.0,241,90
897,898,10,2,79.0,5209,20
898,899,10,9,23.0,3401,90
899,900,10,1,34.0,1549,10
900,901,10,8,20.0,9496,80
901,902,10,9,54.0,664,90
902,903,10,4,17.0,6755,40
903,904,10,10,43.0,9553,100
904,905,10,10,88.0,8117,100
905,906,10,9,1.0,4535,90
906,907,10,8,13.0,3361,80
907,908,10,4,17.0,544,40
908,909,10,4,86.0,3922,40
909,910,10,8,98.0,1523,80
910,911,10,10,42.0,4658,100
911,912,10,7,65.0,6896,70
912,913,10,4,95.0,3100,40
913,914,10,1,39.0,6330,10
914,915,10,1,65.0,5742,10
915,916,10,10,50.0,9212,100
916,917,10,5,49.0,7547,50
917,918,10,10,92.0,4080,100
918,919,10,10,10.0,6328,100
919,920,10,10,35.0,7374,100
920,921,10,8,88.0,2917,80
921,922,10,5,10.0,895,50
922,923,10,9,17.0,1491,90
923,924,10,1,26.0,6629,10
924,925,10,7,72.0,5821,70
925,926,10,2,87.0,9028,20
926,927,10,4,22.0,7086,40
927,928,10,6,31.0,9199,60
928,929,10,10,47.0,1640,100
929,930,10,10,96.0,8840,100
930,931,10,7,35.0,3683,70
931,932,10,8,16.0,8606,80
932,933,10,2,10.0,5622,20
933,934,10,8,76.0,8193,80
934,935,10,7,62.0,7737,70
935,936,10,7,28.0,8353,70
936,937,10,9,11.0,2554,90
937,938,10,3,73.0,654,30
938,939,10,9,24.0,3329,90
939,940,10,5,4.0,8917,50
940,941,10,2,51.0,7638,20
941,942,10,4,19.0,3606,40
942,943,10,7,36.0,729,70
943,944,10,2,82.0,7473,20
944,945,10,7,99.0,3857,70
945,946,10,3,82.0,9019,30
946,947,10,9,80.0,4307,90
947,948,10,5,1.0,9442,50
948,949,10,4,20.0,4628,40
949,950,10,8,96.0,7644,80
950,951,10,5,16.0,4851,50
951,952,10,5,23.0,4271,50
952,953,10,7,33.0,1172,70
953,954,10,5,42.0,4591,50
954,955,10,5,49.0,5007,50
955,956,10,1,1.0,4461,10
956,957,10,6,98.0,3764,60
957,958,10,1,95.0,9480,10
958,959,10,3,27.0,8193,30
959,960,10,6,58.0,5257,60
960,961,10,3,39.0,6402,30
961,962,10,1,31.0,5178,10
962,963,10,9,12.0,6516,90
963,964,10,7,19.0,4867,70
964,965,10,2,65.0,3196,20
965,966,10,8,89.0,8096,80
966,967,10,1,68.0,3529,10
967,968,10,1,11.0,312,10
968,969,10,4,45.0,729,40
969,970,10,5,68.0,3317,50
970,971,10,1,11.0,8771,10
971,972,10,2,28.0,5848,20
972,973,10,3,56.0,2122,30
973,974,10,3,5.0,3843,30
974,975,10,2,59.0,1550,20
975,976,10,5,29.0,995,50
976,977,10,3,46.0,1569,30
977,978,10,8,5.0,5311,80
978,979,10,5,84.0,949,50
979,980,10,3,10.0,6089,30
980,981,10,4,3.0,671,40
981,982,10,10,66.0,6218,100
982,983,10,2,85.0,7613,20
983,984,10,5,48.0,1048,50
984,985,10,6,97.0,1246,60
985,986,10,8,74.0,7697,80
986,987,10,1,97.0,438,10
987,988,10,10,85.0,9925,100
988,989,10,3,28.0,3735,30
989,990,10,6,100.0,5078,60
990,991,10,3,26.0,5530,30
991,992,10,1,16.0,8256,10
992,993,10,1,20.0,1815,10
993,994,10,10,75.0,1782,100
994,995,10,8,69.0,6587,80
995,996,10,8,2.0,6691,80
996,997,10,9,43.0,9782,90
997,998,10,2,10.0,1096,20
998,999,10,9,49.0,5319,90
999,1000,10,4,46.0,8187,40
